function [value,error]=Geteff_Day1(cha,delta_cha)
a1=8.032514;
da1=1.473751;
a2=5.722876;
da2=0.002691866;
energy=(cha-a1)./a2;
delta_energy=(1./a2).*sqrt((delta_cha).^2+(da1).^2+(energy.*da2).^2);
b1=0.5663199;
db1=0.006323569;
b2=-0.001086617;
db2=9.535629e-06;
eff=b1.*exp(b2.*energy);
value=eff;
error=(exp(b2.*energy)).*sqrt((db1).^2+(b1.*db2.*energy).^2+(b1.*b2.*delta_energy).^2);


